a1 =2;
f1 = 1500;
spf = 1
fa = 8000;
Ta = 1/fa;